{
    "e": 10.289462177525142,
    "s": 9.878443375601224,
    "a": 9.472671622212506,
    "o": 6.7092260603410585,
    "r": 6.541320507214691,
    "i": 5.960647135986008,
    "l": 5.420201136860516,
    "t": 5.238303454306952,
    "n": 4.912986445124617,
    "u": 3.844337560122431,
    "d": 3.6729339746392657,
    "c": 3.244425010931351,
    "y": 3.09925666812418,
    "p": 3.055531263664189,
    "m": 3.0345430695233935,
    "h": 2.696982947092261,
    "g": 2.490599038041102,
    "b": 2.3996501967643202,
    "k": 2.111062527328378,
    "f": 1.6545693047660692,
    "w": 1.4936598163533013,
    "v": 1.1368605159597727,
    "z": 0.5911674682990818,
    "j": 0.4390030607783122,
    "x": 0.41976388281591603,
    "q": 0.1714035854831657,
    "'": 0.020988194140795804
}